484905
484906
484907
484908
484909
484910
484911
484912
484913
484914
484915
484916
484917
484918
484919
484920
484921
484922
484923
484924
484925
654228
656564
656760
657411
657433
671539
672302
672339
672860
673395
673663
673755
674961
675045
675722
684534
684565
684630
685404
685810
686441
686482
686817
687874
688123
690103
690104
690109
690209
695721
697064
698659
699050
700112
711177
724083
724565
724630
724647
738128
739948
739968
740190
740193
740785
740872
741253
741256
762603
762679
762732
762836
762850
762910
762911
762920
762989
763045
763282
763283
763331
763463
763667