1442373
145126
1665
40380
33178
5204
409370
5477
273372
1853550
5482
34406
31870
1209068
34028
6535
5499
4751
104355
104355
6945
4922
4922
460519
317047
4955
1580
2315439
153609
42190
870730
36023
36024
1156966
1156966
53649
36026
50265
1378263
51923
4923
4923
460523
246385
310468
50267
1249076
264951
5076
69782
2822231
2822231
82310
870730
4925
300826
563466
2060973
1156840
77044
27305
2028339
75736
75736
1108050
29323
5087
4950
44093
4952
2768839
2768841
42258
4956
5477
50262
246387
51926
561895
51927